746340.75,10,498006.21,4.050.10,DIRECTIONAL BORE 7 EA 1.5  SDR11 HDPE CONDUITS,12701.00,65595.92,3478.57,78659.62,12701.00,0.00,12701.00,164684.25,12701.00,0.00,12701.00,32440.56,12701.00,0.00,12701.00,LF
0.00,100,3604.00,4.100.100,ASPHALT RESTORATION,200.00,40.00,1.00,0.00,200.00,2400.00,200.00,16.78,200.00,0.00,200.00,13.51,200.00,0.00,200.00,SF
0.00,20,70735.10,4.010.20,TRENCH 7 EA 1.5  SDR11 HDPE CONDUITS,3155.00,11746.00,566.81,19632.92,3155.00,0.00,3155.00,11610.67,3155.00,0.00,3155.00,5495.27,3155.00,0.00,3155.00,LF
0.00,30,85108.98,4.050.30,DIRECTIONAL BORE 6 EA 1.5  SDR11 HDPE CONDUITS,2299.00,11873.40,629.65,10774.27,2299.00,0.00,2299.00,29809.09,2299.00,0.00,2299.00,5872.03,2299.00,0.00,2299.00,LF
0.00,40,89792.60,4.095.40,F&I 4X5 TIER 22 HH,20.00,7999.98,360.00,38462.85,20.00,0.00,20.00,11485.01,20.00,0.00,20.00,3597.04,20.00,0.00,20.00,EA
0.00,50,13685.68,4.095.50,F&I 2X3 TIER 22 HH,8.00,1680.00,75.60,4533.14,8.00,0.00,8.00,2411.76,8.00,0.00,8.00,755.39,8.00,0.00,8.00,EA
0.00,60,29948.64,4.080.60,PROOF ALL CONDUITS,124786.00,3781.28,170.16,7804.12,124786.00,0.00,124786.00,6958.33,124786.00,0.00,124786.00,1700.20,124786.00,0.00,124786.00,LF
0.00,70,22260.28,4.090.70,INSTALL 864 FIBER,20804.00,7028.82,341.49,0.00,20804.00,0.00,20804.00,4929.28,20804.00,0.00,20804.00,3301.30,20804.00,0.00,20804.00,LF
0.00,80,12719.00,4.090.80,INSTALL 24 FIBER,12719.00,4024.82,195.54,0.00,12719.00,0.00,12719.00,2822.32,12719.00,0.00,12719.00,1890.36,12719.00,0.00,12719.00,LF
0.00,90,2904.00,4.100.90,CONCRETE RESTORATION,120.00,40.00,1.00,0.00,120.00,1920.00,120.00,16.78,120.00,0.00,120.00,13.51,120.00,0.00,120.00,SF
0.00,999,0.00,9.900.999,JOB INDIRECTS,1.00,0.00,0.00,0.00,1.00,0.00,1.00,0.00,1.00,0.00,1.00,0.00,1.00,178520.16,1.00,LS
