32425.34,100,380.00,3.050.100,AER-20170-C ANCHOR  SCREW,4.00,0.00,0.00,0.00,4.00,300.00,4.00,0.00,4.00,0.00,4.00,0.00,4.00,0.00,4.00,EA
0.00,110,34.17,3.050.110,AER-20210-C PLACE DOWN GUY  EXISTING ANCHOR,1.00,0.00,0.00,0.00,1.00,50.00,1.00,0.00,1.00,0.00,1.00,0.00,1.00,0.00,1.00,EA
0.00,120,5732.10,3.010.120,AER-20270-C INSTALL STRAND >1500' 6.6M (1/4  EHS),5790.00,0.00,0.00,445.31,5790.00,5790.00,5790.00,0.00,5790.00,0.00,5790.00,0.00,5790.00,0.00,5790.00,LF
0.00,130,5543.64,3.010.130,AER-20300-C LASH FIBER CABLE,5133.00,0.00,0.00,479.29,5133.00,5133.00,5133.00,0.00,5133.00,0.00,5133.00,0.00,5133.00,0.00,5133.00,LF
0.00,140,601.70,3.030.140,OVERLASH/DELASH/RELASH FIBER,547.00,0.00,0.00,51.14,547.00,547.00,547.00,0.00,547.00,0.00,547.00,0.00,547.00,0.00,547.00,LF
0.00,20,3239.60,4.080.20,UGB-30830-C PLACE LOCATE WIRE IN EXISTING CONDUIT,4628.00,1430.00,60.00,0.00,4628.00,0.00,4628.00,0.00,4628.00,0.00,4628.00,612.14,4628.00,0.00,4628.00,LF
0.00,30,10413.00,4.030.30,UGB-30870-C PLACE (3) 1  HDPE IN EXISTING CONDUIT,4628.00,2145.00,90.00,0.00,4628.00,0.00,4628.00,2423.70,4628.00,0.00,4628.00,918.21,4628.00,0.00,4628.00,LF
0.00,40,5700.68,4.090.40,UGB-30980-C PLACE UP TO 288CT IN CODUIT >1500',5378.00,2222.00,100.00,0.00,5378.00,0.00,5378.00,692.87,5378.00,0.00,5378.00,989.03,5378.00,0.00,5378.00,LF
0.00,60,303.00,6.010.60,ISP-42100-C PLACE FOC IN CONDUIT/INNERDUCT,300.00,143.00,6.00,0.00,300.00,0.00,300.00,2.68,300.00,0.00,300.00,61.22,300.00,0.00,300.00,LF
0.00,80,457.64,3.060.80,AER-20050-C POLE RISER 4  PVC U-GUARD,4.00,0.00,0.00,0.00,4.00,200.00,4.00,0.00,4.00,0.00,4.00,0.00,4.00,0.00,4.00,EA
0.00,90,50.00,3.050.90,AER-20160-C ANCHOR  ROD   ADD-EYE,1.00,0.00,0.00,0.00,1.00,25.00,1.00,0.00,1.00,0.00,1.00,0.00,1.00,0.00,1.00,EA
0.00,999,0.00,9.900.999,JOB INDIRECTS,1.00,0.00,0.00,0.00,1.00,0.00,1.00,0.00,1.00,0.00,1.00,0.00,1.00,7764.76,1.00,LS
