11306.33,10,142.08,4.080.10,UGB-30820 ROD AND PROOF EXISTING CONDUIT,192.00,71.00,3.15,11.33,192.00,0.00,192.00,74.27,192.00,0.00,192.00,31.67,192.00,0.00,192.00,LF
0.00,70,651.94,6.010.70,ISP-41110-S INSTALL FLEXIBLE ELECTRICAL CONDUIT,74.00,340.00,6.00,0.00,74.00,0.00,74.00,39.76,74.00,0.00,74.00,100.86,74.00,0.00,74.00,LF
0.00,130,117.21,6.010.130,ISP-43270 INSTALL PLYWOOD BACKBOARD,1.00,48.75,2.25,0.00,1.00,0.00,1.00,15.43,1.00,0.00,1.00,22.24,1.00,0.00,1.00,EA
0.00,80,14.48,6.010.80,ISP-41160-S INSTALL INNERDUCT,8.00,6.03,0.28,0.00,8.00,0.00,8.00,1.90,8.00,0.00,8.00,2.76,8.00,0.00,8.00,LF
0.00,140,32.16,6.010.140,MAT-90690-S INNERDUCT 1.25  PLENUM,8.00,0.00,0.00,23.20,8.00,0.00,8.00,0.00,8.00,0.00,8.00,0.00,8.00,0.00,8.00,LF
0.00,150,131.73,3.050.150,MAT- ANCHOR ROD  INCLUDING DOWN GUY,3.00,0.00,0.00,75.00,3.00,0.00,3.00,0.00,3.00,0.00,3.00,0.00,3.00,0.00,3.00,EA
0.00,100,99.18,6.010.100,ISP-42100-S PLACE FIBER CABLE IN CONDUIT,58.00,41.13,1.90,0.00,58.00,0.00,58.00,13.38,58.00,0.00,58.00,18.75,58.00,0.00,58.00,LF
0.00,160,4184.09,3.010.160,PLACE STRAND/JIG FIBER/DUAL LASH FIBER,1489.00,0.00,0.00,3086.70,1489.00,0.00,1489.00,0.00,1489.00,0.00,1489.00,0.00,1489.00,0.00,1489.00,EA
0.00,170,1238.95,4.090.170,MAT-91320 MISC FOC,1745.00,0.00,0.00,889.95,1745.00,0.00,1745.00,0.00,1745.00,0.00,1745.00,0.00,1745.00,0.00,1745.00,FT
0.00,110,1000.00,6.010.110,ISP-42560-S INSTALL SINGLE POWER RECEPTACLE,2.00,0.00,0.00,0.00,2.00,1000.00,2.00,0.00,2.00,0.00,2.00,0.00,2.00,0.00,2.00,EA
0.00,180,164.97,3.030.180,MAT-91360 - MISC SIZE LASHING WIRE,1269.00,0.00,0.00,123.26,1269.00,0.00,1269.00,0.00,1269.00,0.00,1269.00,0.00,1269.00,0.00,1269.00,FT
0.00,190,54.25,6.010.190,MAT-91580  MISC BACKBOARD,1.00,0.00,0.00,40.00,1.00,0.00,1.00,0.00,1.00,0.00,1.00,0.00,1.00,0.00,1.00,EA
0.00,20,99.84,4.080.20,UGB-30830-S PLACE LOCATE WIRE IN EX. CONDUIT,192.00,29.00,1.00,0.00,192.00,0.00,192.00,48.66,192.00,0.00,192.00,11.33,192.00,0.00,192.00,LF
0.00,120,649.72,6.010.120,ISP-42610-S INSTALL POWER CABLE ADDITIONAL PHASE,74.00,0.00,0.00,0.00,74.00,370.00,74.00,0.00,74.00,0.00,74.00,0.00,74.00,0.00,74.00,LF
0.00,200,525.00,6.010.200,MAT-91600 MISC FIBER TERM PANEL,1.00,0.00,0.00,400.00,1.00,0.00,1.00,0.00,1.00,0.00,1.00,0.00,1.00,0.00,1.00,EA
0.00,210,272.32,6.010.210,MAT-91620-S 20A  120V SINGLE PHASE POWER CABLE,74.00,0.00,0.00,148.00,74.00,0.00,74.00,0.00,74.00,0.00,74.00,0.00,74.00,0.00,74.00,LF
0.00,220,50.02,6.010.220,MAT-91760-S L5-20 RECEPTACLE,2.00,0.00,0.00,0.00,2.00,24.00,2.00,0.00,2.00,0.00,2.00,0.00,2.00,0.00,2.00,EA
0.00,30,204.92,4.090.30,UGB-30980-S PLACE UP TO 288 COUNT FOC,218.00,47.00,2.00,0.00,218.00,0.00,218.00,15.30,218.00,0.00,218.00,20.48,218.00,0.00,218.00,LF
0.00,50,1727.24,3.010.50,PLACE STRAND/JIG FIBER/DUAL LASH FIBER,1489.00,480.00,24.00,0.00,1489.00,0.00,1489.00,566.24,1489.00,0.00,1489.00,229.24,1489.00,0.00,1489.00,FT
0.00,40,150.00,3.060.40,AER-20160 ANSHOR ROD,3.00,60.00,3.00,0.00,3.00,0.00,3.00,64.88,3.00,0.00,3.00,28.65,3.00,0.00,3.00,EA
0.00,60,969.54,3.030.60,AER-20300 -LASH FIBER CABLE,1469.00,228.00,12.00,0.00,1469.00,0.00,1469.00,176.40,1469.00,0.00,1469.00,112.24,1469.00,0.00,1469.00,FT
0.00,90,158.08,6.010.90,ISP-42070-INSTALL EQU PANEL,1.00,65.00,3.00,0.00,1.00,0.00,1.00,21.91,1.00,0.00,1.00,29.64,1.00,0.00,1.00,EA
0.00,999,0.00,9.900.999,JOB INDIRECTS,1.00,0.00,0.00,0.00,1.00,0.00,1.00,0.00,1.00,0.00,1.00,0.00,1.00,2053.00,1.00,LS
