163785.66,100,711.90,4.080.100,F&I (3) 1.25  INNERDUCT,210.00,91.30,4.00,268.08,210.00,0.00,210.00,95.77,210.00,0.00,210.00,40.03,210.00,0.00,210.00,LF
0.00,110,211.12,4.080.110,F&I TRACER WIRE #10,203.00,32.50,1.50,65.37,203.00,0.00,203.00,34.40,203.00,0.00,203.00,14.82,203.00,0.00,203.00,LF
0.00,130,6764.10,4.050.130,BORE (6) 2  HDPE SDR 11 CONDUIT,70.00,924.00,40.00,694.70,70.00,0.00,70.00,2683.28,70.00,0.00,70.00,402.42,70.00,0.00,70.00,LF
0.00,140,5621.02,4.010.140,POTHOLE,2.00,1958.00,80.00,0.00,2.00,0.00,2.00,1125.12,2.00,0.00,2.00,826.11,2.00,0.00,2.00,EA
0.00,150,1110.90,150,TEST PIT HARD SURFACES,5.00,0.00,0.00,0.00,5.00,0.00,5.00,772.60,5.00,0.00,5.00,0.00,5.00,0.00,5.00,EA
0.00,160,3450.92,4.200.160,UNDERGROUND TRAFFIC CONTROL,2.00,0.00,0.00,0.00,2.00,2400.00,2.00,0.00,2.00,0.00,2.00,0.00,2.00,0.00,2.00,EA
0.00,170,3535.65,4.095.170,F&I OVERSET HANDHOLE 4'X5'X4',1.00,286.00,12.00,1683.70,1.00,0.00,1.00,366.80,1.00,0.00,1.00,122.43,1.00,0.00,1.00,EA
0.00,180,4659.78,4.095.180,CORE BORE EXISTING MH,6.00,520.00,24.00,427.50,6.00,1200.00,6.00,856.08,6.00,0.00,6.00,237.16,6.00,0.00,6.00,EA
0.00,190,87.50,4.080.190,F&I TRACER WIRE #10,70.00,16.25,0.75,19.60,70.00,0.00,70.00,17.83,70.00,0.00,70.00,7.41,70.00,0.00,70.00,LF
0.00,20,19037.58,4.010.20,TRENCH (12) 4  SCH 40 PVC CONDUIT IN GRASS,181.00,2354.00,100.00,5366.84,181.00,0.00,181.00,4504.32,181.00,0.00,181.00,1014.56,181.00,0.00,181.00,LF
0.00,200,3450.90,4.100.200,ASPHALT RESTORATION,6.00,0.00,0.00,0.00,6.00,2400.00,6.00,0.00,6.00,0.00,6.00,0.00,6.00,0.00,6.00,SF
0.00,220,19256.82,4.050.220,BORE (6) 2  HDPE SDR 11 CONDUIT,163.00,2772.00,120.00,1617.64,163.00,0.00,163.00,7795.44,163.00,0.00,163.00,1207.26,163.00,0.00,163.00,LF
0.00,230,5621.02,4.010.230,POTHOLE,2.00,1958.00,80.00,0.00,2.00,0.00,2.00,1125.12,2.00,0.00,2.00,826.11,2.00,0.00,2.00,EA
0.00,240,444.38,240,TEST PIT HARD SURFACES,2.00,0.00,0.00,0.00,2.00,0.00,2.00,309.04,2.00,0.00,2.00,0.00,2.00,0.00,2.00,EA
0.00,250,8627.30,4.200.250,TRAFFIC CONTROL,5.00,0.00,0.00,0.00,5.00,6000.00,5.00,0.00,5.00,0.00,5.00,0.00,5.00,0.00,5.00,EA
0.00,260,3537.08,4.095.260,F&I OVERSET HANDOLE 4'X5'X4',1.00,286.00,12.00,1684.70,1.00,0.00,1.00,366.80,1.00,0.00,1.00,122.43,1.00,0.00,1.00,EA
0.00,270,4659.78,4.095.270,CORE BORE EXISTING MH,6.00,520.00,24.00,427.50,6.00,1200.00,6.00,856.08,6.00,0.00,6.00,237.16,6.00,0.00,6.00,EA
0.00,280,203.75,4.080.280,F&I TRACER WIRE #10,163.00,37.70,1.74,45.64,163.00,0.00,163.00,41.37,163.00,0.00,163.00,17.19,163.00,0.00,163.00,LF
0.00,30,3601.40,4.010.30,TRENCH (12) 4  SCH 40 PVC CONDUIT IN ASPHALT,22.00,244.75,10.00,1236.38,22.00,176.00,22.00,744.19,22.00,0.00,22.00,103.28,22.00,0.00,22.00,LF
0.00,300,18670.59,4.050.300,BORE (6) 2  HDPE SDR 11 CONDUIT,153.00,2772.00,120.00,1210.13,153.00,0.00,153.00,7795.44,153.00,0.00,153.00,1207.26,153.00,0.00,153.00,LF
0.00,310,5769.98,4.010.310,POTHOLE,2.00,1958.00,80.00,0.00,2.00,0.00,2.00,1228.72,2.00,0.00,2.00,826.11,2.00,0.00,2.00,EA
0.00,320,444.38,320,TEST PIT HARD SURFACES,2.00,0.00,0.00,0.00,2.00,0.00,2.00,309.04,2.00,0.00,2.00,0.00,2.00,0.00,2.00,EA
0.00,330,8627.30,4.200.330,TRAFFIC CONTROL,5.00,0.00,0.00,0.00,5.00,6000.00,5.00,0.00,5.00,0.00,5.00,0.00,5.00,0.00,5.00,EA
0.00,340,3537.08,4.095.340,F&I OVERSET HANDHOLE 4'X5'X4',1.00,286.00,12.00,1684.70,1.00,0.00,1.00,366.80,1.00,0.00,1.00,122.43,1.00,0.00,1.00,EA
0.00,350,4659.78,4.095.350,CORE BORE EXISTING MH,6.00,520.00,24.00,427.50,6.00,1200.00,6.00,856.08,6.00,0.00,6.00,237.16,6.00,0.00,6.00,EA
0.00,360,192.78,4.080.360,F&I TRACER WIRE #10,153.00,35.57,1.64,42.84,153.00,0.00,153.00,39.03,153.00,0.00,153.00,16.22,153.00,0.00,153.00,LF
0.00,380,2087.40,4.010.380,TRENCH (6) HDPE SDR 11 CONDUIT,60.00,489.50,20.00,404.55,60.00,0.00,60.00,351.00,60.00,0.00,60.00,206.52,60.00,0.00,60.00,LF
0.00,390,1725.46,4.200.390,TRAFFIC CONTROL,1.00,0.00,0.00,0.00,1.00,1200.00,1.00,0.00,1.00,0.00,1.00,0.00,1.00,0.00,1.00,EA
0.00,40,4745.40,4.100.40,ASPHALT RESTORATION,110.00,0.00,0.00,0.00,110.00,3300.00,110.00,0.00,110.00,0.00,110.00,0.00,110.00,0.00,110.00,SF
0.00,400,3537.08,4.095.400,F&I OVERSET HANDHOLE 4'X5'X4',1.00,286.00,12.00,1684.70,1.00,0.00,1.00,366.80,1.00,0.00,1.00,122.43,1.00,0.00,1.00,EA
0.00,410,4659.78,4.095.410,CORE BORE EXISTING MH,6.00,520.00,24.00,427.50,6.00,1200.00,6.00,856.08,6.00,0.00,6.00,237.16,6.00,0.00,6.00,EA
0.00,420,75.00,4.080.420,F&I TRACER WIRE #10,60.00,13.83,0.64,16.80,60.00,0.00,60.00,15.18,60.00,0.00,60.00,6.31,60.00,0.00,60.00,LF
0.00,50,4313.64,4.100.50,CONCRETE CURB RESTORATION,1.00,0.00,0.00,0.00,1.00,3000.00,1.00,0.00,1.00,0.00,1.00,0.00,1.00,0.00,1.00,LS
0.00,60,5916.00,4.095.60,CORE BORE EXISTING MH T15,12.00,232.00,8.00,0.00,12.00,3600.00,12.00,191.76,12.00,0.00,12.00,90.66,12.00,0.00,12.00,EA
0.00,70,7937.76,6.010.70,GPR/CORE BORE WALL POE4,12.00,58.00,2.00,0.00,12.00,5400.00,12.00,39.76,12.00,0.00,12.00,22.67,12.00,0.00,12.00,EA
0.00,80,8800.45,6.010.80,F&I HOFFMAN BOX 48 X48 X24,1.00,58.00,2.00,4700.00,1.00,1300.00,1.00,39.76,1.00,0.00,1.00,22.67,1.00,0.00,1.00,EA
0.00,90,1510.32,4.080.90,PROOF PIPE,2436.00,365.20,16.00,165.28,2436.00,0.00,2436.00,359.48,2436.00,0.00,2436.00,160.12,2436.00,0.00,2436.00,LF
0.00,999,0.00,9.900.999,JOB INDIRECTS,1.00,0.00,0.00,0.00,1.00,0.00,1.00,0.00,1.00,0.00,1.00,0.00,1.00,37348.12,1.00,LS
