2192253.29,10,207100.00,4.095.10,F&I 8X10 MANHOLE WITH LOCKING LID,10.00,0.00,0.00,84959.00,10.00,30324.00,10.00,0.00,10.00,0.00,10.00,0.00,10.00,0.00,10.00,EA
0.00,100,5457.55,4.080.100,F&I #10 TRACER WIRE,3521.00,0.00,0.00,1045.03,3521.00,1971.76,3521.00,0.00,3521.00,0.00,3521.00,0.00,3521.00,0.00,3521.00,LF
0.00,110,71600.00,4.095.110,F&I 8X8 MANHOLE WITH LOCKING LID,4.00,0.00,0.00,29319.60,4.00,10533.60,4.00,0.00,4.00,0.00,4.00,0.00,4.00,0.00,4.00,EA
0.00,120,148860.00,4.010.120,F&I 24-4  SCH 40 PVC CONDUIT IN GRASS,827.00,0.00,0.00,34510.12,827.00,48172.75,827.00,0.00,827.00,0.00,827.00,0.00,827.00,0.00,827.00,LF
0.00,130,14190.00,4.010.130,F&I 24-4  SCH 40 PVC CONDUIT IN ASPHALT,66.00,0.00,0.00,2754.33,66.00,5003.46,66.00,0.00,66.00,0.00,66.00,0.00,66.00,0.00,66.00,LF
0.00,140,8937.00,4.040.140,TRENCH BACKFILL (SCREENINGS),331.00,0.00,0.00,0.00,331.00,4965.00,331.00,0.00,331.00,0.00,331.00,0.00,331.00,0.00,331.00,TN
0.00,150,18724.00,4.040.150,EXPORT TRENCH SPOILS,496.00,0.00,0.00,0.00,496.00,10416.00,496.00,0.00,496.00,0.00,496.00,0.00,496.00,0.00,496.00,CY
0.00,160,7260.00,4.100.160,REPLACE ASPHALT,330.00,0.00,0.00,0.00,330.00,4006.20,330.00,0.00,330.00,0.00,330.00,0.00,330.00,0.00,330.00,SF
0.00,170,48222.00,4.080.170,F&I 3 EA 1.25  INNERDUCT,10716.00,0.00,0.00,14244.15,10716.00,9430.08,10716.00,0.00,10716.00,0.00,10716.00,0.00,10716.00,0.00,10716.00,LF
0.00,180,1384.15,4.080.180,F&I #10 TRACER WIRE,893.00,0.00,0.00,265.04,893.00,500.08,893.00,0.00,893.00,0.00,893.00,0.00,893.00,0.00,893.00,LF
0.00,181,17000.00,4.100.181,TREE REPLCEMENT/LANDSCAPING,1.00,0.00,0.00,0.00,1.00,9500.00,1.00,0.00,1.00,0.00,1.00,0.00,1.00,0.00,1.00,LS
0.00,182,13500.00,4.100.182,IRRAGATION SYSTEM REPAIR,1.00,0.00,0.00,0.00,1.00,7600.00,1.00,0.00,1.00,0.00,1.00,0.00,1.00,0.00,1.00,LS
0.00,190,53700.00,4.095.190,F&I 8X8 MANHOLE WITH LOCKING LID,3.00,0.00,0.00,21989.70,3.00,7900.20,3.00,0.00,3.00,0.00,3.00,0.00,3.00,0.00,3.00,EA
0.00,20,390570.00,4.010.20,F&I 36-4  SCH 40 PVC CONDUIT IN GRASS,1410.00,0.00,0.00,112746.58,1410.00,104636.10,1410.00,0.00,1410.00,0.00,1410.00,0.00,1410.00,0.00,1410.00,LF
0.00,200,4680.00,4.010.200,F&I 24-4  SCH 40 PVC CONDUIT IN GRASS,26.00,0.00,0.00,1084.87,26.00,1514.50,26.00,0.00,26.00,0.00,26.00,0.00,26.00,0.00,26.00,LF
0.00,210,130935.00,4.010.210,F&I 24-4  SCH 40 PVC CONDUIT IN ASPHALT,609.00,0.00,0.00,25411.15,609.00,46168.29,609.00,0.00,609.00,0.00,609.00,0.00,609.00,0.00,609.00,LF
0.00,220,1077.50,4.010.220,F&I 24-4  SCH 40 PVC CONDUIT IN CONCRETE,5.00,0.00,0.00,208.76,5.00,390.45,5.00,0.00,5.00,0.00,5.00,0.00,5.00,0.00,5.00,LF
0.00,230,6399.00,4.040.230,TRENCH BACKFILL (SCREENINGS),237.00,0.00,0.00,0.00,237.00,3555.00,237.00,0.00,237.00,0.00,237.00,0.00,237.00,0.00,237.00,TN
0.00,240,13401.25,4.040.240,EXPORT TRENCH SPOILS,355.00,0.00,0.00,0.00,355.00,7455.00,355.00,0.00,355.00,0.00,355.00,0.00,355.00,0.00,355.00,CY
0.00,250,66990.00,4.100.250,REPLACE ASPHALT,3045.00,0.00,0.00,0.00,3045.00,36966.30,3045.00,0.00,3045.00,0.00,3045.00,0.00,3045.00,0.00,3045.00,SF
0.00,260,720.00,4.100.260,REPLACE CONCRETE,20.00,0.00,0.00,0.00,20.00,402.80,20.00,0.00,20.00,0.00,20.00,0.00,20.00,0.00,20.00,SF
0.00,270,34560.00,4.080.270,F&I 3 EA 1.5  INNERDUCT,7680.00,0.00,0.00,10208.55,7680.00,6758.40,7680.00,0.00,7680.00,0.00,7680.00,0.00,7680.00,0.00,7680.00,LF
0.00,280,992.00,4.080.280,F&I #10 TRACER WIRE,640.00,0.00,0.00,189.95,640.00,358.40,640.00,0.00,640.00,0.00,640.00,0.00,640.00,0.00,640.00,LF
0.00,290,12600.00,4.010.290,F&I 24-4  SCH 40 PVC CONDUIT IN GRASS,70.00,0.00,0.00,2922.68,70.00,4077.50,70.00,0.00,70.00,0.00,70.00,0.00,70.00,0.00,70.00,LF
0.00,30,558631.50,4.010.30,F&I 36-4  SCH 40 PVC CONDUIT IN ASPHALT,1923.00,0.00,0.00,151568.13,1923.00,159589.77,1923.00,0.00,1923.00,0.00,1923.00,0.00,1923.00,0.00,1923.00,LF
0.00,300,3225.00,4.010.300,F&I 24-4  SCH 40 PVC CONDUIT IN ASPHALT,15.00,0.00,0.00,626.29,15.00,1137.15,15.00,0.00,15.00,0.00,15.00,0.00,15.00,0.00,15.00,LF
0.00,310,16200.00,6.010.310,CORE BORE (SUBGRADE) BUILDING,24.00,0.00,0.00,0.00,24.00,8880.00,24.00,0.00,24.00,0.00,24.00,0.00,24.00,0.00,24.00,EA
0.00,320,864.00,4.040.320,TRENCH BACKFILL (SCREENINGS),32.00,0.00,0.00,0.00,32.00,480.00,32.00,0.00,32.00,0.00,32.00,0.00,32.00,0.00,32.00,TN
0.00,330,1812.00,4.040.330,EXPORT TRENCH SPOILS,48.00,0.00,0.00,0.00,48.00,1008.00,48.00,0.00,48.00,0.00,48.00,0.00,48.00,0.00,48.00,CY
0.00,340,1650.00,4.100.340,REPLACE ASPHALT,75.00,0.00,0.00,0.00,75.00,910.50,75.00,0.00,75.00,0.00,75.00,0.00,75.00,0.00,75.00,SF
0.00,350,4050.00,4.080.350,F&I 3 EA 1.25  INNERDUCT,900.00,0.00,0.00,1196.31,900.00,792.00,900.00,0.00,900.00,0.00,900.00,0.00,900.00,0.00,900.00,LF
0.00,360,131.75,4.080.360,F&I #10 TRACER WIRE,85.00,0.00,0.00,25.23,85.00,47.60,85.00,0.00,85.00,0.00,85.00,0.00,85.00,0.00,85.00,LF
0.00,370,4500.00,4.010.370,F&I 24-4  SCH 40 PVC CONDUIT IN GRASS,25.00,0.00,0.00,1043.80,25.00,1456.25,25.00,0.00,25.00,0.00,25.00,0.00,25.00,0.00,25.00,LF
0.00,371,11160.00,6.010.371,CORE BORE BUILDING,24.00,0.00,0.00,0.00,24.00,6240.00,24.00,0.00,24.00,0.00,24.00,0.00,24.00,0.00,24.00,EA
0.00,380,256.50,4.040.380,TRENCH BACKFILL (SCREENINGS),9.50,0.00,0.00,0.00,9.50,142.50,9.50,0.00,9.50,0.00,9.50,0.00,9.50,0.00,9.50,TN
0.00,390,523.97,4.040.390,EXPORT TRENCH SPOILS,13.88,0.00,0.00,0.00,13.88,291.48,13.88,0.00,13.88,0.00,13.88,0.00,13.88,0.00,13.88,CY
0.00,40,54943.00,4.010.40,F&I 36-4  SCH 40 PVC CONDUIT IN CONCRETE,188.00,0.00,0.00,14534.14,188.00,16051.44,188.00,0.00,188.00,0.00,188.00,0.00,188.00,0.00,188.00,LF
0.00,400,1350.00,4.080.400,F&I 3 EA 1.25  INNERDUCT,300.00,0.00,0.00,398.76,300.00,264.00,300.00,0.00,300.00,0.00,300.00,0.00,300.00,0.00,300.00,LF
0.00,410,38.75,4.080.410,F&I #10 TRACER WIRE,25.00,0.00,0.00,7.42,25.00,14.00,25.00,0.00,25.00,0.00,25.00,0.00,25.00,0.00,25.00,LF
0.00,420,28260.00,4.010.420,F&I 24-4  SCH 40 PVC CONDUIT IN GRASS,157.00,0.00,0.00,6555.16,157.00,9145.25,157.00,0.00,157.00,0.00,157.00,0.00,157.00,0.00,157.00,LF
0.00,430,44935.00,4.010.430,F&I 24-4  SCH 40 PVC CONDUIT IN ASPHALT,209.00,0.00,0.00,8726.23,209.00,15844.29,209.00,0.00,209.00,0.00,209.00,0.00,209.00,0.00,209.00,LF
0.00,440,16200.00,6.010.440,CORE BORE (SUBGRADE) BUILDING,24.00,0.00,0.00,0.00,24.00,8880.00,24.00,0.00,24.00,0.00,24.00,0.00,24.00,0.00,24.00,EA
0.00,450,3645.00,4.040.450,TRENCH BACKFILL (SCREENINGS),135.00,0.00,0.00,0.00,135.00,2025.00,135.00,0.00,135.00,0.00,135.00,0.00,135.00,0.00,135.00,TN
0.00,460,7663.25,4.040.460,EXPORT TRENCH SPOILS,203.00,0.00,0.00,0.00,203.00,4263.00,203.00,0.00,203.00,0.00,203.00,0.00,203.00,0.00,203.00,CY
0.00,470,22990.00,4.100.470,REPLACE ASPHALT,1045.00,0.00,0.00,0.00,1045.00,12686.30,1045.00,0.00,1045.00,0.00,1045.00,0.00,1045.00,0.00,1045.00,SF
0.00,480,19764.00,4.080.480,F&I 3 EA 1.25  INNERDUCT,4392.00,0.00,0.00,5838.03,4392.00,3864.96,4392.00,0.00,4392.00,0.00,4392.00,0.00,4392.00,0.00,4392.00,LF
0.00,490,567.30,4.080.490,F&I #10 TRACER WIRE,366.00,0.00,0.00,108.63,366.00,204.96,366.00,0.00,366.00,0.00,366.00,0.00,366.00,0.00,366.00,LF
0.00,50,47034.00,4.040.50,TRENCH BACKFILL (SCREENINGS),1742.00,0.00,0.00,0.00,1742.00,26130.00,1742.00,0.00,1742.00,0.00,1742.00,0.00,1742.00,0.00,1742.00,TN
0.00,500,17900.00,4.095.500,F&I 8X8 MANHOLE WITH LOCKING LID,1.00,0.00,0.00,7329.90,1.00,2633.40,1.00,0.00,1.00,0.00,1.00,0.00,1.00,0.00,1.00,EA
0.00,510,4110.00,4.010.510,F&I 12-4  SCH 40 PVC CONDUIT IN GRASS,30.00,0.00,0.00,1135.87,30.00,1149.00,30.00,0.00,30.00,0.00,30.00,0.00,30.00,0.00,30.00,LF
0.00,520,66417.00,4.010.520,F&I 12-4  SCH 40 PVC CONDUIT IN ASPHALT,393.00,0.00,0.00,14879.96,393.00,21952.98,393.00,0.00,393.00,0.00,393.00,0.00,393.00,0.00,393.00,LF
0.00,530,2808.00,4.040.530,TRENCH BACKFILL (SCREENINGS),104.00,0.00,0.00,0.00,104.00,1560.00,104.00,0.00,104.00,0.00,104.00,0.00,104.00,0.00,104.00,TN
0.00,540,4718.75,4.040.540,EXPIORT TRENCH SPOILS,125.00,0.00,0.00,0.00,125.00,2625.00,125.00,0.00,125.00,0.00,125.00,0.00,125.00,0.00,125.00,CY
0.00,550,43230.00,4.100.550,REPLACE ASPHALT,1965.00,0.00,0.00,0.00,1965.00,23855.10,1965.00,0.00,1965.00,0.00,1965.00,0.00,1965.00,0.00,1965.00,SF
0.00,560,11421.00,4.080.560,F&I 3 EA 1.25  INNERDUCT,2538.00,0.00,0.00,3373.62,2538.00,2233.44,2538.00,0.00,2538.00,0.00,2538.00,0.00,2538.00,0.00,2538.00,LF
0.00,570,655.65,4.080.570,F&I #10 TRACER WIRE,423.00,0.00,0.00,125.55,423.00,236.88,423.00,0.00,423.00,0.00,423.00,0.00,423.00,0.00,423.00,LF
0.00,580,17900.00,4.095.580,F&I 8X8 MANHOLE WITH LOCKING LID,1.00,0.00,0.00,7329.90,1.00,2633.40,1.00,0.00,1.00,0.00,1.00,0.00,1.00,0.00,1.00,EA
0.00,590,48498.00,4.010.590,F&I 12-4  SCH 40 PVC CONDUIT IN GRASS,354.00,0.00,0.00,13403.32,354.00,13558.20,354.00,0.00,354.00,0.00,354.00,0.00,354.00,0.00,354.00,LF
0.00,60,118119.75,4.040.60,EXPORT TRENCH SPOILS,3129.00,0.00,0.00,0.00,3129.00,65709.00,3129.00,0.00,3129.00,0.00,3129.00,0.00,3129.00,0.00,3129.00,CY
0.00,600,9126.00,4.010.600,F&I 12-4  SCH 40 PVC CONDUIT IN ASPHALT,54.00,0.00,0.00,2044.58,54.00,3016.44,54.00,0.00,54.00,0.00,54.00,0.00,54.00,0.00,54.00,LF
0.00,610,2727.00,4.040.610,TRENCH BACKFILL (SCREENINGS),101.00,0.00,0.00,0.00,101.00,1515.00,101.00,0.00,101.00,0.00,101.00,0.00,101.00,0.00,101.00,TN
0.00,620,4530.00,4.040.620,EXPORT TRENCH SPOILS,120.00,0.00,0.00,0.00,120.00,2520.00,120.00,0.00,120.00,0.00,120.00,0.00,120.00,0.00,120.00,CY
0.00,630,5940.00,4.100.630,REPLACE ASPHALT,270.00,0.00,0.00,0.00,270.00,3277.80,270.00,0.00,270.00,0.00,270.00,0.00,270.00,0.00,270.00,SF
0.00,640,11016.00,4.080.640,F&I 3 EA 1.25  INNERDUCT,2448.00,0.00,0.00,3253.98,2448.00,1836.00,2448.00,0.00,2448.00,0.00,2448.00,0.00,2448.00,0.00,2448.00,LF
0.00,650,632.40,4.080.650,F&I #10 TRACER WIRE,408.00,0.00,0.00,121.09,408.00,228.48,408.00,0.00,408.00,0.00,408.00,0.00,408.00,0.00,408.00,LF
0.00,660,0.00,1.000.660,PROJECT MANAGEMENT,1.00,25200.00,720.00,37100.00,1.00,136400.00,1.00,0.00,1.00,0.00,1.00,8693.64,1.00,47100.00,1.00,LS
0.00,70,155100.00,4.100.70,REPLACE ASPHALT,7050.00,0.00,0.00,0.00,7050.00,85587.00,7050.00,0.00,7050.00,0.00,7050.00,0.00,7050.00,0.00,7050.00,SF
0.00,80,27072.00,4.100.80,REPLACE CONCRETE,752.00,0.00,0.00,0.00,752.00,15145.28,752.00,0.00,752.00,0.00,752.00,0.00,752.00,0.00,752.00,SF
0.00,90,285201.00,4.080.90,F&I 3 EA 1.25  INNERDUCT,63378.00,0.00,0.00,84244.56,63378.00,55772.64,63378.00,0.00,63378.00,0.00,63378.00,0.00,63378.00,0.00,63378.00,LF
0.00,999,0.00,9.900.999,JOB INDIRECTS,1.00,0.00,0.00,0.00,1.00,0.00,1.00,0.00,1.00,0.00,1.00,0.00,1.00,318030.30,1.00,LS
