197085.75,10,11135.36,4.010.10,TRENCH AND PLACE 8 EA 1.5,548.00,2064.00,99.60,538.41,548.00,0.00,548.00,3933.12,548.00,0.00,548.00,965.64,548.00,0.00,548.00,LF
0.00,100,5468.16,4.090.100,INSTALL 864 FIBER,4272.00,1696.00,82.40,0.00,4272.00,0.00,4272.00,1189.39,4272.00,0.00,4272.00,796.59,4272.00,0.00,4272.00,LF
0.00,110,681.22,6.010.110,F&I 24 X24 X18  PULL BOX,1.00,128.00,6.00,228.10,1.00,0.00,1.00,43.81,1.00,0.00,1.00,58.90,1.00,0.00,1.00,EA
0.00,120,230.85,4.095.120,F&I MARKER POST,3.00,7.20,0.32,135.00,3.00,0.00,3.00,10.06,3.00,0.00,3.00,3.21,3.00,0.00,3.00,EA
0.00,130,1307.62,6.010.130,CORE BORE WALL,1.00,128.00,6.00,0.00,1.00,650.00,1.00,43.81,1.00,0.00,1.00,58.90,1.00,0.00,1.00,EA
0.00,140,3847.20,4.100.140,RESTORE ASPHALT,420.00,40.00,1.00,0.00,420.00,2520.00,420.00,16.78,420.00,0.00,420.00,13.51,420.00,0.00,420.00,SF
0.00,150,846.75,4.100.150,RESTORE CONCRETE,25.00,40.00,1.00,0.00,25.00,500.00,25.00,16.78,25.00,0.00,25.00,13.51,25.00,0.00,25.00,SF
0.00,20,3785.85,4.010.20,TRENCH AND PLACE 16 EA 1.5,179.00,703.78,33.96,175.87,179.00,0.00,179.00,1340.54,179.00,0.00,179.00,329.25,179.00,0.00,179.00,LF
0.00,30,2917.20,4.010.30,TRENCH AND PLACE 8 EA 1.5  IN ASPHALT,66.00,248.40,11.99,1064.85,66.00,0.00,66.00,535.39,66.00,0.00,66.00,116.24,66.00,0.00,66.00,LF
0.00,40,220.15,4.010.40,TRENCH AND PLACE 8 EA 1.5  IN CONC. SW,5.00,18.80,0.91,79.91,5.00,0.00,5.00,40.74,5.00,0.00,5.00,8.82,5.00,0.00,5.00,LF
0.00,50,76617.88,4.050.50,DIRECTIONAL BORE 8 EA 1.5,1381.00,11616.00,616.00,325.00,1381.00,0.00,1381.00,33916.08,1381.00,0.00,1381.00,5744.72,1381.00,0.00,1381.00,LF
0.00,60,48865.61,4.050.60,DIRECTIONAL BORE 16 EA 1.5,557.00,7352.40,389.90,455.00,557.00,0.00,557.00,21467.36,557.00,0.00,557.00,3636.15,557.00,0.00,557.00,LF
0.00,70,53220.10,4.095.70,F&I 6X8X6 COMMUNICATIONS MH,5.00,3440.00,166.00,23228.90,5.00,20.00,5.00,7546.40,5.00,0.00,5.00,1609.39,5.00,0.00,5.00,EA
0.00,80,1477.44,4.080.80,PLACE TRACER WIRE,2736.00,70.00,3.15,766.08,2736.00,0.00,2736.00,128.81,2736.00,0.00,2736.00,31.47,2736.00,0.00,2736.00,LF
0.00,90,8055.04,4.080.90,PROOF ALL CONDUIT,27776.00,1120.00,50.40,1802.66,27776.00,0.00,27776.00,2060.96,27776.00,0.00,27776.00,503.59,27776.00,0.00,27776.00,LF
0.00,999,0.00,9.900.999,JOB INDIRECTS,1.00,0.00,0.00,0.00,1.00,0.00,1.00,0.00,1.00,0.00,1.00,0.00,1.00,49743.48,1.00,LS
